[RunTimeInfo]
SaveTime=2016-08-17 오후 4:22:26
RunTime=521.3105234
IdleT1958.6174428
AlarmTime=22.9811829
IdleTime=4461.9313058
[ALARMSTATUS]
lastestAlarmSet=196
lastestAlarmClear=196
[ProdInfo]
CycleTimeCurrent=9714.8196523176
CycleTime=10156.6748354966
CycleCount=26
UPHCurrent=370.567867324348
UPH=354.446711970964
UPHCount=26
TrayTime=0
TrayLotCount=0
[TrayInfo]
TrayLotCount=3
TrayTodayCount=2
TrayTotalCount=367
TrayNormalCount=367
TrayTodayTime=2016-08-17 오전 10:20:36
CurLotID=ManualTestLot
PrevLotID=ManualTestLot
[PickInfo]
T1Count=68
T1Vision=0
T1Error=1
T1Air=1
T1Size=0
T1Pos=0
T1Chamfer=0
T1Circle=0
T2Count=0
T2Error=0
T2Air=0
T2Vision=0
T2Size=0
T2Pos=0
T2Chamfer=0
T2Circle=0
T3Count=0
T3Error=0
T3Air=0
T3Vision=0
T3Size=0
T3Pos=0
T3Chamfer=0
T3Circle=0
T4Count=0
T4Error=0
T4Air=0
T4Vision=0
T4Size=0
T4Pos=0
T4Chamfer=0
T4Circle=0
T5Count=0
T5Error=0
T5Air=0
T5Vision=0
T5Size=0
T5Pos=0
T5Chamfer=0
T5Circle=0
T6Count=0
T6Error=0
T6Air=0
T6Vision=0
T6Size=0
T6Pos=0
T6Chamfer=0
T6Circle=0
T7Count=0
T7Error=0
T7Air=0
T7Vision=0
T7Size=0
T7Pos=0
T7Chamfer=0
T7Circle=0
T8Count=0
T8Error=0
T8Air=0
T8Vision=0
T8Size=0
T8Pos=0
T8Chamfer=0
T8Circle=0
